2000 2000 0 0 0
SET_COLOR 1 1 1

DRAW_LINE 790 806 972 632
DRAW_LINE 935 833 1101 675
DRAW_LINE 1166 902 1169 919
DRAW_LINE 935 833 1166 902
DRAW_LINE 1169 919 790 806
DRAW_LINE 972 632 1101 675

DRAW_LINE 790 806 1169 919
DRAW_LINE 1169 919 1197 1036
DRAW_LINE 1197 1036 818 924
DRAW_LINE 818 924 790 806

DRAW_LINE 818 924 823 940
DRAW_LINE 823 940 1053 1009
DRAW_LINE 1053 1009 877 1176
DRAW_LINE 877 1176 911 1308
DRAW_LINE 911 1308 1197 1036
DRAW_LINE 1197 1036 818 924

DRAW_LINE 916 614 918 575
DRAW_LINE 918 575 942 543
DRAW_LINE 942 543 1050 564
DRAW_LINE 1050 564 1100 583
DRAW_LINE 1100 583 1137 602
DRAW_LINE 1137 602 1164 627
DRAW_LINE 1164 627 1152 692
DRAW_LINE 1152 692 916 614

DRAW_LINE 959 546 965 534
DRAW_LINE 965 534 979 506
DRAW_LINE 1005 484 979 506
DRAW_LINE 1005 484 1030 468
DRAW_LINE 1030 468 1064 455
DRAW_LINE 1089 446 1064 455
DRAW_LINE 1089 446 1110 448
DRAW_LINE 1140 455 1110 448
DRAW_LINE 1140 455 1160 464
DRAW_LINE 1176 482 1160 464
DRAW_LINE 1176 482 1185 501
DRAW_LINE 1192 522 1185 501
DRAW_LINE 1192 522 1198 556
DRAW_LINE 1207 577 1198 556
DRAW_LINE 1207 577 1211 612
DRAW_LINE 1211 612 1211 649
DRAW_LINE 1211 649 1212 681
DRAW_LINE 1204 688 1212 681
DRAW_LINE 1204 688 1185 671
DRAW_LINE 1163 603 1185 671
DRAW_LINE 1163 603 1155 618
DRAW_LINE 1137 602 1155 618
DRAW_LINE 1137 602 1100 583
DRAW_LINE 1050 564 1100 583
DRAW_LINE 1050 564 959 546

DRAW_LINE 1212 681 1204 688
DRAW_LINE 1204 688 1185 671
DRAW_LINE 1185 671 1172 673
DRAW_LINE 1162 685 1172 673
DRAW_LINE 1162 685 1155 697
DRAW_LINE 1155 714 1155 697
DRAW_LINE 1155 714 1160 723
DRAW_LINE 1172 737 1160 723
DRAW_LINE 1172 737 1189 746
DRAW_LINE 1209 744 1189 746
DRAW_LINE 1209 744 1220 742
DRAW_LINE 1233 730 1220 742
DRAW_LINE 1233 730 1237 710
DRAW_LINE 1223 684 1237 710
DRAW_LINE 1223 684 1212 681

SET_COLOR 250 250 250 
DRAW_LINE 0 1478 248 1518
DRAW_LINE 248 1518 455 1373
DRAW_LINE 455 1373 785 1537
DRAW_LINE 785 1537 1149 1470
DRAW_LINE 1149 1470 1449 1573
DRAW_LINE 1449 1573 1848 1379
DRAW_LINE 1848 1379 2000 1506
DRAW_LINE 2000 1506 2000 2000
DRAW_LINE 2000 2000 0 2000
DRAW_LINE 0 2000 0 1478


SET_COLOR 255 255 255
REGION_FILL 1106 627
REGION_FILL 1189 707

SET_COLOR 187 37 40
REGION_FILL 1102 530

SET_COLOR 0 153 51
REGION_FILL 928 710

SET_COLOR 0 102 34
REGION_FILL 961 900

SET_COLOR 0 51 17
REGION_FILL 1029 1126

SET_COLOR 255 255 255 255
REGION_FILL 823 1660


SET_COLOR 250 250 250
KOCH_CURVE 224 331 262 299 5
KOCH_CURVE 262 299 227 266 5
KOCH_CURVE 227 266 193 299 5
KOCH_CURVE 193 299 224 331 5

KOCH_CURVE 1640 207 1689 162 5
KOCH_CURVE 1689 162 1731 204 5
KOCH_CURVE 1731 204 1685 247 5
KOCH_CURVE 1685 247 1640 207 5

KOCH_CURVE 1556 1317 1528 1290 5
KOCH_CURVE 1528 1290 1554 1262 5
KOCH_CURVE 1554 1262 1581 1289 5
KOCH_CURVE 1581 1289 1556 1317 5

SET_COLOR 255 255 255
REGION_FILL 227 299
REGION_FILL 1689 205
REGION_FILL 1555 1289