3000 1500 90 108 113

SET_COLOR 11 101 35
DRAW_LINE 674 1040 696 1054
DRAW_LINE 710 1066 696 1054
DRAW_LINE 710 1066 736 1069
DRAW_LINE 768 1072 736 1069
DRAW_LINE 768 1072 782 1031
DRAW_LINE 792 986 782 1031
DRAW_LINE 792 986 810 943
DRAW_LINE 836 887 810 943
DRAW_LINE 836 887 851 850
DRAW_LINE 867 823 851 850
DRAW_LINE 867 823 885 779
DRAW_LINE 911 745 885 779
DRAW_LINE 911 745 941 713
DRAW_LINE 974 686 941 713
DRAW_LINE 974 686 1006 676
DRAW_LINE 1062 669 1006 676
DRAW_LINE 1062 669 1121 676
DRAW_LINE 1181 706 1121 676
DRAW_LINE 1181 706 1237 756
DRAW_LINE 1302 859 1237 756
DRAW_LINE 1302 859 1346 971
DRAW_LINE 1363 1036 1346 971
DRAW_LINE 1363 1036 1378 1101
DRAW_LINE 1401 1100 1378 1101
DRAW_LINE 1401 1100 1453 1067
DRAW_LINE 1474 1073 1453 1067
DRAW_LINE 1474 1073 1483 1091
DRAW_LINE 1451 1123 1483 1091
DRAW_LINE 1451 1123 1379 1140
DRAW_LINE 1375 1249 1379 1140
DRAW_LINE 1375 1249 1338 1314
DRAW_LINE 1289 1367 1338 1314
DRAW_LINE 1289 1367 1231 1399
DRAW_LINE 1175 1420 1231 1399
DRAW_LINE 1175 1420 1175 1511
DRAW_LINE 1160 1515 1175 1511
DRAW_LINE 1146 1510 1160 1515
DRAW_LINE 1146 1510 1132 1423
DRAW_LINE 1021 1431 1132 1423
DRAW_LINE 1021 1431 1016 1501
DRAW_LINE 995 1515 1016 1501
DRAW_LINE 995 1515 978 1507
DRAW_LINE 970 1424 978 1507
DRAW_LINE 970 1424 866 1374
DRAW_LINE 800 1300 866 1374
DRAW_LINE 800 1300 767 1198
DRAW_LINE 764 1117 767 1198
DRAW_LINE 764 1117 710 1119
DRAW_LINE 668 1096 710 1119
DRAW_LINE 668 1096 649 1062
DRAW_LINE 674 1040 649 1062

SET_COLOR 255 255 1
DRAW_LINE 843 920 878 851
DRAW_LINE 930 768 878 851
DRAW_LINE 930 768 960 734
DRAW_LINE 983 714 960 734
DRAW_LINE 983 714 1012 699
DRAW_LINE 1063 699 1012 699
DRAW_LINE 1063 699 1112 712
DRAW_LINE 1154 744 1112 712
DRAW_LINE 1154 744 1200 800
DRAW_LINE 1226 880 1200 800
DRAW_LINE 1226 880 1260 986
DRAW_LINE 1285 1111 1260 986
DRAW_LINE 1285 1111 1288 1226
DRAW_LINE 1271 1285 1288 1226
DRAW_LINE 1271 1285 1233 1337
DRAW_LINE 1193 1375 1233 1337
DRAW_LINE 1193 1375 1135 1404
DRAW_LINE 1050 1415 1135 1404
DRAW_LINE 1050 1415 953 1398
DRAW_LINE 888 1368 953 1398
DRAW_LINE 888 1368 833 1312
DRAW_LINE 810 1269 833 1312
DRAW_LINE 810 1269 784 1192
DRAW_LINE 783 1138 784 1192
DRAW_LINE 783 1138 794 1067
DRAW_LINE 820 981 794 1067
DRAW_LINE 820 981 843 920

SET_COLOR 255 165 1
DRAW_LINE 979 1309 950 1300
DRAW_LINE 927 1285 950 1300
DRAW_LINE 927 1285 909 1266
DRAW_LINE 886 1240 909 1266
DRAW_LINE 886 1240 871 1209
DRAW_LINE 864 1171 871 1209
DRAW_LINE 864 1171 865 1130
DRAW_LINE 879 1093 865 1130
DRAW_LINE 879 1093 904 1064
DRAW_LINE 934 1039 904 1064
DRAW_LINE 934 1039 965 1020
DRAW_LINE 1004 1014 965 1020
DRAW_LINE 1004 1014 1046 1017
DRAW_LINE 1091 1033 1046 1017
DRAW_LINE 1091 1033 1126 1062
DRAW_LINE 1150 1100 1126 1062
DRAW_LINE 1150 1100 1159 1146
DRAW_LINE 1159 1197 1159 1146
DRAW_LINE 1159 1197 1138 1243
DRAW_LINE 1106 1277 1138 1243
DRAW_LINE 1106 1277 1080 1296
DRAW_LINE 1047 1310 1080 1296
DRAW_LINE 1047 1310 1010 1311
DRAW_LINE 979 1309 1010 1311

KOCH_CURVE 915 1135 929 1125 5
KOCH_CURVE 940 1135 929 1125 5
KOCH_CURVE 940 1135 929 1149 5
KOCH_CURVE 915 1135 929 1149 5

KOCH_CURVE 1077 1125 1090 1138 5
KOCH_CURVE 1079 1147 1090 1138 5
KOCH_CURVE 1079 1147 1067 1137 5
KOCH_CURVE 1077 1125 1067 1137 5

SET_COLOR 94 33 40
DRAW_LINE 956 1159 1035 1159
DRAW_LINE 1042 1169 1035 1159
DRAW_LINE 1042 1169 1042 1169
DRAW_LINE 1028 1188 1042 1169
DRAW_LINE 1028 1188 1000 1200
DRAW_LINE 965 1189 1000 1200
DRAW_LINE 965 1189 951 1170
DRAW_LINE 956 1159 951 1170

SET_COLOR 255 253 254
DRAW_LINE 976 1159 979 1169
DRAW_LINE 994 1181 979 1169
DRAW_LINE 994 1181 1014 1173
DRAW_LINE 1019 1159 1014 1173
DRAW_LINE 1019 1159 976 1159

SET_COLOR 11 102 35
REGION_FILL 1274 889

SET_COLOR 255 255 0
REGION_FILL 1200 948

SET_COLOR 255 165 0 
REGION_FILL 1027 1116

SET_COLOR 0 0 0 
REGION_FILL 928 1137
REGION_FILL 1079 1137

SET_COLOR 255 255 255
REGION_FILL 999 1167

SET_COLOR 94 33 43
REGION_FILL 974 1176

SET_COLOR 254 254 254
KOCH_CURVE 3000 5 0 5 50

SET_COLOR 255 255 255
REGION_FILL 2 2